Numero de repeticoes: 100
Numero de elementos: 16000000
Numero de elementos a serem encontrados: 2048
Numero de Threads: 1
TIME_ARRAY:0.017712 0.017476 0.014592 0.018814 0.014530 0.014485 0.019293 0.014709 0.014580 0.015323 0.015073 0.015375 0.014944 0.015870 0.015329 0.018879 0.014871 0.016189 0.018488 0.014792 0.015026 0.015078 0.019064 0.015742 0.016779 0.015042 0.014858 0.014978 0.017759 0.018557 0.014930 0.019089 0.018994 0.014789 0.018922 0.019025 0.014730 0.014737 0.018861 0.016611 0.014496 0.015113 0.016050 0.014865 0.017111 0.014630 0.019132 0.014828 0.014813 0.014624 0.014569 0.015536 0.017529 0.017198 0.016225 0.017999 0.014889 0.014822 0.018468 0.015196 0.014837 0.014606 0.015102 0.015077 0.014838 0.015708 0.014912 0.014623 0.014550 0.015087 0.017118 0.014714 0.018600 0.014874 0.014679 0.014912 0.015087 0.019054 0.019090 0.019066 0.015053 0.018914 0.015539 0.018222 0.014573 0.014993 0.014431 0.016261 0.014871 0.014616 0.018047 0.018140 0.015016 0.015218 0.015198 0.015393 0.015256 0.018615 0.014689 0.018636
THROUGHPUT_ARRAY:0.903323 0.915565 1.096524 0.850428 1.101151 1.104611 0.829317 1.087750 1.097403 1.044207 1.061519 1.040629 1.070665 1.008217 1.043788 0.847501 1.075948 0.988318 0.865406 1.081687 1.064788 1.061171 0.839298 1.016390 0.953575 1.063668 1.076877 1.068239 0.900926 0.862217 1.071641 0.838187 0.842387 1.081882 0.845596 0.840979 1.086196 1.085679 0.848330 0.963228 1.103790 1.058710 0.996897 1.076355 0.935094 1.093658 0.836287 1.079017 1.080156 1.094061 1.098227 1.029846 0.912785 0.930355 0.986104 0.888937 1.074631 1.079476 0.866343 1.052921 1.078373 1.095431 1.059461 1.061215 1.078336 1.018565 1.072997 1.094155 1.099653 1.060486 0.934706 1.087417 0.860195 1.075670 1.089971 1.072972 1.060499 0.839725 0.838119 0.839177 1.062939 0.845938 1.029696 0.878058 1.097908 1.067174 1.108694 0.983927 1.075890 1.094656 0.886593 0.882018 1.065524 1.051403 1.052750 1.039411 1.048774 0.859508 1.089242 0.858568
Media tempo de execucao: 0.016112
Media vazao: 1.002947

Numero de Threads: 2
TIME_ARRAY:0.010753 0.011365 0.010978 0.011320 0.010102 0.009953 0.010335 0.009706 0.010701 0.010262 0.010162 0.009808 0.009792 0.009812 0.009726 0.010253 0.009888 0.009938 0.010011 0.010196 0.011585 0.010007 0.011243 0.009521 0.011411 0.009499 0.009551 0.011262 0.009993 0.009385 0.009693 0.009537 0.011799 0.009758 0.009855 0.009625 0.009717 0.010417 0.009674 0.009861 0.011744 0.009762 0.010268 0.011544 0.010073 0.010529 0.009885 0.009879 0.009920 0.010027 0.011067 0.009429 0.011541 0.009329 0.009583 0.010560 0.010832 0.011932 0.009847 0.009518 0.009803 0.009760 0.010072 0.009607 0.010111 0.009544 0.009870 0.009985 0.009528 0.009725 0.009938 0.009899 0.010088 0.009804 0.009700 0.009712 0.009676 0.009773 0.009705 0.009866 0.009841 0.009750 0.009653 0.009632 0.009590 0.009827 0.010048 0.011764 0.009693 0.009971 0.009306 0.011865 0.009738 0.010099 0.011167 0.009817 0.010247 0.009730 0.009546 0.009995
THROUGHPUT_ARRAY:1.487933 1.407791 1.457434 1.413376 1.583786 1.607613 1.548154 1.648512 1.495182 1.559092 1.574435 1.631305 1.633994 1.630659 1.645011 1.560547 1.618162 1.609925 1.598238 1.569179 1.381142 1.598909 1.423142 1.680521 1.402182 1.684331 1.675155 1.420661 1.601066 1.704908 1.650704 1.677720 1.356011 1.639639 1.623598 1.662380 1.646560 1.535959 1.653927 1.622508 1.362444 1.639025 1.558195 1.386005 1.588375 1.519672 1.618677 1.619563 1.612960 1.595735 1.445730 1.696949 1.386393 1.715039 1.669659 1.515208 1.477154 1.340926 1.624925 1.680951 1.632204 1.639346 1.588576 1.665512 1.582468 1.676419 1.621045 1.602375 1.679190 1.645164 1.609994 1.616326 1.586070 1.631976 1.649527 1.647524 1.653643 1.637230 1.648576 1.621670 1.625892 1.641058 1.657479 1.661197 1.668461 1.628160 1.592284 1.360101 1.650686 1.604593 1.719311 1.348499 1.643014 1.584369 1.432760 1.629759 1.561476 1.644419 1.676177 1.600843
Media tempo de execucao: 0.010132
Media vazao: 1.585403

Numero de Threads: 3
TIME_ARRAY:0.008214 0.008003 0.007983 0.009150 0.008068 0.008488 0.008277 0.008310 0.008502 0.008431 0.007896 0.008567 0.008272 0.008200 0.009377 0.008061 0.008865 0.008587 0.008135 0.009405 0.008298 0.008175 0.008397 0.008344 0.008238 0.007978 0.008492 0.009512 0.008302 0.009020 0.008139 0.008091 0.008013 0.008178 0.008220 0.008735 0.010050 0.008072 0.008227 0.008128 0.008184 0.008499 0.008499 0.007972 0.008567 0.008294 0.008109 0.008359 0.008225 0.010254 0.008235 0.008546 0.008272 0.008242 0.009484 0.009266 0.009424 0.008390 0.008190 0.009490 0.008154 0.008013 0.009776 0.008084 0.008263 0.009569 0.007956 0.007921 0.009327 0.007875 0.008008 0.009268 0.008156 0.007865 0.008357 0.009276 0.008121 0.008002 0.008113 0.008451 0.007976 0.008090 0.007895 0.008292 0.008410 0.007948 0.009525 0.008043 0.008307 0.009284 0.008047 0.007931 0.009188 0.008183 0.009412 0.008243 0.007886 0.008122 0.008067 0.007836
THROUGHPUT_ARRAY:1.947983 1.999258 2.004341 1.748560 1.983105 1.884962 1.932963 1.925337 1.881921 1.897777 2.026278 1.867680 1.934279 1.951220 1.706295 1.984812 1.804753 1.863240 1.966835 1.701135 1.928094 1.957296 1.905501 1.917603 1.942273 2.005448 1.884100 1.682119 1.927268 1.773907 1.965749 1.977477 1.996632 1.956562 1.946511 1.831726 1.592113 1.982188 1.944772 1.968404 1.955064 1.882679 1.882557 2.007112 1.867625 1.929128 1.973096 1.914202 1.945287 1.560426 1.942832 1.872252 1.934277 1.941214 1.686990 1.726691 1.697778 1.907003 1.953526 1.685920 1.962321 1.996708 1.636736 1.979272 1.936337 1.672045 2.011079 2.020069 1.715477 2.031712 1.997913 1.726410 1.961802 2.034271 1.914509 1.724827 1.970317 1.999378 1.972033 1.893298 2.006055 1.977782 2.026637 1.929615 1.902497 2.013201 1.679763 1.989201 1.926105 1.723405 1.988245 2.017460 1.741386 1.955333 1.699898 1.941029 2.028923 1.969894 1.983486 2.041954
Media tempo de execucao: 0.008451
Media vazao: 1.900625

Numero de Threads: 4
TIME_ARRAY:0.006758 0.007073 0.007158 0.007765 0.007011 0.006994 0.006772 0.006937 0.007280 0.007909 0.006881 0.008867 0.008026 0.006971 0.007310 0.007035 0.006995 0.008177 0.006878 0.007645 0.008072 0.007277 0.007910 0.007782 0.007953 0.007911 0.006908 0.007735 0.008199 0.007915 0.006987 0.007156 0.008465 0.007926 0.007869 0.006945 0.007241 0.006803 0.006928 0.007172 0.007165 0.007001 0.007274 0.007321 0.007283 0.006978 0.008031 0.007218 0.007104 0.007036 0.007275 0.006973 0.006899 0.007036 0.007268 0.007186 0.006988 0.007060 0.007131 0.007231 0.007228 0.007362 0.006810 0.007173 0.008511 0.006753 0.008265 0.009007 0.008227 0.007280 0.007301 0.008262 0.007949 0.006993 0.007175 0.007110 0.007399 0.007117 0.006986 0.007103 0.008977 0.007295 0.007310 0.006878 0.007139 0.007819 0.007007 0.008172 0.007442 0.008190 0.007099 0.006973 0.007169 0.007285 0.007263 0.007157 0.007083 0.007328 0.006948 0.006807
THROUGHPUT_ARRAY:2.367733 2.262158 2.235280 2.060461 2.282276 2.287537 2.362754 2.306437 2.197748 2.022912 2.325115 1.804384 1.993481 2.295350 2.188681 2.274469 2.287197 1.956600 2.326178 2.092816 1.982248 2.198785 2.022789 2.056123 2.011793 2.022381 2.316014 2.068644 1.951513 2.021418 2.289846 2.235768 1.890223 2.018685 2.033363 2.303913 2.209552 2.351765 2.309458 2.230978 2.233211 2.285525 2.199500 2.185422 2.196780 2.292850 1.992288 2.216797 2.252139 2.273943 2.199445 2.294479 2.319165 2.274068 2.201575 2.226497 2.289701 2.266336 2.243836 2.212706 2.213591 2.173323 2.349579 2.230465 1.879857 2.369421 1.935808 1.776356 1.944774 2.197909 2.191589 1.936660 2.012799 2.287889 2.230061 2.250255 2.162345 2.248094 2.290270 2.252726 1.782367 2.193203 2.188803 2.326326 2.241220 2.046408 2.283375 1.957924 2.150083 1.953491 2.253995 2.294471 2.231765 2.196198 2.203091 2.235548 2.258991 2.183416 2.302830 2.350510
Media tempo de execucao: 0.007384
Media vazao: 2.176789

Numero de Threads: 5
TIME_ARRAY:0.006630 0.006858 0.007560 0.006911 0.006806 0.006718 0.007281 0.006724 0.007402 0.006832 0.006654 0.006574 0.006589 0.007599 0.006598 0.006676 0.006865 0.006519 0.007033 0.006496 0.006939 0.006691 0.006718 0.006949 0.008031 0.007156 0.006840 0.006590 0.006624 0.006436 0.006550 0.006829 0.007020 0.006781 0.007574 0.006685 0.006606 0.006811 0.007054 0.007478 0.007801 0.007731 0.006828 0.006762 0.007251 0.006961 0.006795 0.006898 0.006661 0.006492 0.007718 0.007080 0.006813 0.007678 0.007762 0.007486 0.006432 0.006787 0.007446 0.006699 0.006830 0.006905 0.006737 0.007224 0.006741 0.006616 0.006795 0.006798 0.007389 0.006791 0.006702 0.006758 0.007076 0.006533 0.006714 0.006402 0.006740 0.007404 0.006732 0.006836 0.006990 0.006741 0.006771 0.006535 0.006767 0.006755 0.007025 0.006927 0.006713 0.006670 0.006925 0.006728 0.006809 0.006889 0.006541 0.006726 0.007030 0.006655 0.006837 0.007223
THROUGHPUT_ARRAY:2.413152 2.332953 2.116426 2.315282 2.350861 2.381747 2.197458 2.379635 2.161458 2.341770 2.404398 2.433879 2.428310 2.105612 2.424944 2.396750 2.330694 2.454262 2.275035 2.463132 2.305882 2.391181 2.381704 2.302366 1.992403 2.235979 2.339148 2.428085 2.415285 2.486031 2.442574 2.342993 2.279155 2.359401 2.112454 2.393256 2.422019 2.349238 2.268115 2.139469 2.051036 2.069540 2.343362 2.366012 2.206475 2.298674 2.354521 2.319642 2.402157 2.464672 2.073166 2.259752 2.348526 2.083979 2.061367 2.137381 2.487650 2.357601 2.148895 2.388268 2.342496 2.317082 2.375046 2.214837 2.373704 2.418286 2.354521 2.353775 2.165416 2.355985 2.387492 2.367582 2.261231 2.449208 2.382961 2.499323 2.373839 2.160959 2.376799 2.340667 2.288826 2.373471 2.363037 2.448534 2.364415 2.368736 2.277687 2.309875 2.383537 2.398696 2.310376 2.378046 2.349789 2.322701 2.445953 2.378874 2.276114 2.404292 2.340164 2.215107
Media tempo de execucao: 0.006907
Media vazao: 2.321866

Numero de Threads: 6
TIME_ARRAY:0.006729 0.006697 0.006606 0.006713 0.006940 0.007271 0.006407 0.006607 0.006397 0.006503 0.006439 0.006442 0.006490 0.006395 0.006369 0.007008 0.007329 0.006710 0.006772 0.006719 0.006492 0.006490 0.006483 0.006456 0.006545 0.006456 0.006698 0.006497 0.006681 0.006415 0.006536 0.006622 0.006573 0.006775 0.006438 0.006537 0.006575 0.006480 0.007088 0.006548 0.006521 0.006683 0.006894 0.006635 0.006773 0.006549 0.006586 0.006578 0.006858 0.006616 0.007243 0.006568 0.007207 0.007627 0.007303 0.006322 0.007275 0.006760 0.006572 0.007282 0.007241 0.006481 0.006771 0.006576 0.006567 0.007291 0.006556 0.006465 0.006546 0.006541 0.006500 0.006580 0.006637 0.006676 0.006800 0.006669 0.007019 0.006507 0.006477 0.006437 0.006854 0.006396 0.006457 0.007285 0.009376 0.006414 0.006627 0.006835 0.006616 0.006887 0.006729 0.006791 0.006467 0.006647 0.006420 0.007619 0.006595 0.006925 0.006575 0.006469
THROUGHPUT_ARRAY:2.377621 2.389255 2.421877 2.383553 2.305545 2.200656 2.497140 2.421722 2.501283 2.460291 2.484726 2.483794 2.465462 2.501954 2.512061 2.283015 2.183083 2.384539 2.362825 2.381272 2.464396 2.465282 2.467831 2.478316 2.444688 2.478407 2.388792 2.462628 2.394844 2.494262 2.448083 2.416242 2.434326 2.361462 2.485305 2.447473 2.433517 2.469310 2.257325 2.443549 2.453453 2.393975 2.320697 2.411541 2.362260 2.442991 2.429429 2.432458 2.333061 2.418363 2.209058 2.436143 2.220034 2.097738 2.190901 2.530906 2.199443 2.366992 2.434662 2.197088 2.209625 2.468736 2.362913 2.433009 2.436406 2.194608 2.440647 2.474930 2.444399 2.446084 2.461721 2.431669 2.410645 2.396582 2.353089 2.399043 2.279465 2.458754 2.470144 2.485777 2.334405 2.501481 2.477948 2.196398 1.706420 2.494379 2.414397 2.340860 2.418463 2.323379 2.377656 2.356061 2.474124 2.407191 2.492241 2.099973 2.426028 2.310550 2.433429 2.473399
Media tempo de execucao: 0.006721
Media vazao: 2.387359

Numero de Threads: 7
TIME_ARRAY:0.006542 0.006666 0.006428 0.006297 0.006374 0.007261 0.006516 0.006520 0.006662 0.006471 0.006792 0.006810 0.006393 0.006522 0.006530 0.006797 0.006518 0.006428 0.006933 0.006582 0.006952 0.006935 0.006692 0.006566 0.006214 0.006510 0.006619 0.006496 0.006538 0.006854 0.006583 0.006473 0.006646 0.006699 0.006839 0.006930 0.006576 0.006420 0.006319 0.006524 0.006684 0.006681 0.006451 0.006409 0.006612 0.006348 0.006549 0.006271 0.006624 0.006334 0.006443 0.006628 0.006504 0.006628 0.006470 0.006629 0.006636 0.006829 0.006199 0.006481 0.006677 0.006955 0.006591 0.006527 0.006463 0.006511 0.006708 0.006478 0.006512 0.006556 0.006544 0.006712 0.006435 0.006505 0.007119 0.006756 0.006580 0.006645 0.006586 0.006423 0.006182 0.006307 0.006481 0.006891 0.006325 0.006919 0.006768 0.006692 0.006445 0.006601 0.006673 0.006549 0.006507 0.006470 0.006496 0.006507 0.006659 0.006531 0.006616 0.006696
THROUGHPUT_ARRAY:2.445893 2.400234 2.489289 2.541028 2.510081 2.203420 2.455667 2.454134 2.401794 2.472483 2.355882 2.349550 2.502626 2.453100 2.450085 2.353869 2.454565 2.489034 2.307928 2.430990 2.301452 2.307037 2.390818 2.436809 2.574918 2.457857 2.417289 2.463116 2.447268 2.334366 2.430674 2.471631 2.407512 2.388291 2.339688 2.308785 2.433041 2.492038 2.531870 2.452305 2.393671 2.394963 2.480259 2.496683 2.419890 2.520305 2.443021 2.551516 2.415574 2.526016 2.483234 2.414183 2.460137 2.414063 2.472787 2.413494 2.411073 2.342850 2.581161 2.468845 2.396206 2.300369 2.427659 2.451439 2.475604 2.457556 2.385220 2.469757 2.457068 2.440657 2.445058 2.383627 2.486253 2.459662 2.247491 2.368334 2.431713 2.407954 2.429265 2.491038 2.587975 2.536824 2.468917 2.321776 2.529773 2.312499 2.364090 2.390996 2.482674 2.423711 2.397725 2.442939 2.458839 2.472864 2.463067 2.459069 2.402812 2.449775 2.418273 2.389441
Media tempo de execucao: 0.006584
Media vazao: 2.431981

Numero de Threads: 8
TIME_ARRAY:0.008203 0.006851 0.006220 0.006119 0.006118 0.006150 0.007024 0.006219 0.005987 0.006045 0.006181 0.006539 0.006132 0.006123 0.006124 0.006153 0.006267 0.006213 0.006209 0.006287 0.006254 0.006148 0.005944 0.006082 0.006575 0.006287 0.006932 0.006006 0.006633 0.006114 0.006118 0.006073 0.006137 0.006370 0.006404 0.006307 0.006239 0.006195 0.006067 0.006312 0.005871 0.007030 0.006538 0.006035 0.006509 0.006305 0.006363 0.006237 0.006433 0.006173 0.006554 0.006083 0.006404 0.006197 0.006955 0.006330 0.006260 0.006181 0.006217 0.006214 0.006756 0.006284 0.006169 0.005957 0.006190 0.006198 0.006954 0.006550 0.006680 0.006312 0.006360 0.006271 0.006528 0.006292 0.006449 0.006414 0.006241 0.006307 0.006234 0.006158 0.006772 0.006513 0.006222 0.006667 0.006387 0.006536 0.006502 0.006294 0.007102 0.006759 0.006282 0.006189 0.006810 0.006016 0.006473 0.006593 0.006089 0.006775 0.006003 0.006195
THROUGHPUT_ARRAY:1.950529 2.335353 2.572263 2.614647 2.615439 2.601739 2.277833 2.572844 2.672396 2.646859 2.588599 2.446713 2.609454 2.613042 2.612682 2.600435 2.553199 2.575301 2.577015 2.544760 2.558212 2.602298 2.691746 2.630742 2.433591 2.544882 2.308073 2.663858 2.412283 2.616856 2.615162 2.634559 2.607235 2.511720 2.498437 2.536802 2.564326 2.582638 2.637341 2.534931 2.725218 2.276119 2.447279 2.651153 2.458255 2.537721 2.514550 2.565368 2.487354 2.591929 2.441332 2.630471 2.498468 2.581688 2.300493 2.527659 2.555917 2.588619 2.573762 2.574999 2.368275 2.546288 2.593431 2.685967 2.584690 2.581637 2.300741 2.442923 2.395148 2.534880 2.515674 2.551249 2.450875 2.542787 2.480962 2.494593 2.563752 2.536966 2.566682 2.598292 2.362831 2.456526 2.571650 2.400051 2.505034 2.448077 2.460595 2.542169 2.252964 2.367340 2.547093 2.585145 2.349354 2.659648 2.471884 2.426810 2.627551 2.361795 2.665467 2.582608
Media tempo de execucao: 0.006357
Media vazao: 2.522756

