Numero de repeticoes: 10
Numero de Threads: 1
TIME_ARRAY:0.018780 0.018569 0.014434 0.014886 0.016386 0.014953 0.016023 0.018956 0.019268 0.014404
THROUGHPUT_ARRAY:0.851954 0.861665 1.108501 1.074807 0.976460 1.070024 0.998553 0.844069 0.830389 1.110786
0.016666
0.972721

Numero de Threads: 2
TIME_ARRAY:0.009489 0.011545 0.009316 0.011425 0.009641 0.011717 0.011470 0.009851 0.009444 0.009500
THROUGHPUT_ARRAY:1.686232 1.385857 1.717408 1.400484 1.659517 1.365500 1.395003 1.624245 1.694285 1.684161
0.010340
1.561269

Numero de Threads: 3
TIME_ARRAY:0.008229 0.008213 0.008995 0.008034 0.009599 0.008316 0.009542 0.009684 0.008083 0.008029
THROUGHPUT_ARRAY:1.944286 1.948238 1.778831 1.991511 1.666917 1.924025 1.676808 1.652165 1.979474 1.992842
0.008672
1.855510

Numero de Threads: 4
TIME_ARRAY:0.007100 0.007792 0.006897 0.007695 0.006822 0.008105 0.008016 0.006910 0.007191 0.007671
THROUGHPUT_ARRAY:2.253439 2.053352 2.319696 2.079240 2.345181 1.974113 1.996032 2.315487 2.225118 2.085913
0.007420
2.164757

Numero de Threads: 5
TIME_ARRAY:0.007639 0.006555 0.006768 0.007359 0.007700 0.007388 0.007641 0.006760 0.007782 0.007806
THROUGHPUT_ARRAY:2.094651 2.440951 2.364032 2.174134 2.077993 2.165812 2.093994 2.366938 2.056154 2.049750
0.007340
2.188441

Numero de Threads: 6
TIME_ARRAY:0.006806 0.007253 0.006615 0.006608 0.006364 0.006398 0.006678 0.007395 0.007230 0.006837
THROUGHPUT_ARRAY:2.351025 2.205846 2.418733 2.421332 2.514302 2.500774 2.396075 2.163558 2.213138 2.340057
0.006818
2.352484

Numero de Threads: 7
TIME_ARRAY:0.006975 0.007066 0.006546 0.006978 0.006842 0.006377 0.006484 0.006343 0.007089 0.007838
THROUGHPUT_ARRAY:2.293954 2.264290 2.444220 2.292964 2.338609 2.509010 2.467550 2.522567 2.257076 2.041431
0.006854
2.343167

Numero de Threads: 8
TIME_ARRAY:0.006562 0.006776 0.006602 0.006204 0.006595 0.006670 0.006039 0.006096 0.006285 0.006639
THROUGHPUT_ARRAY:2.438274 2.361184 2.423682 2.579098 2.426022 2.398891 2.649227 2.624620 2.545942 2.409909
0.006447
2.485685

